Set hbar_omega to 24
done reading header
done reading interaction
In Operator the modelspace has norbits = 12
OneBody size = 144
TwoBody size = 3081
T: 
    9.6975         0         0         0         0         0         0         0         0         0   -6.2126         0
         0    9.7543         0         0         0         0         0         0         0         0         0   -6.3283
         0         0   22.5000         0         0         0         0         0         0         0         0         0
         0         0         0   22.5000         0         0         0         0         0         0         0         0
         0         0         0         0   22.5000         0         0         0         0         0         0         0
         0         0         0         0         0   22.5000         0         0         0         0         0         0
         0         0         0         0         0         0   31.5000         0         0         0         0         0
         0         0         0         0         0         0         0   31.5000         0         0         0         0
         0         0         0         0         0         0         0         0   31.5000         0         0         0
         0         0         0         0         0         0         0         0         0   31.5000         0         0
   -6.2126         0         0         0         0         0         0         0         0         0   35.3025         0
         0   -6.3283         0         0         0         0         0         0         0         0         0   35.2457
Vab: 
  -17.8315         0         0         0         0         0         0         0         0         0    6.2126         0
         0  -18.6681         0         0         0         0         0         0         0         0         0    6.3283
         0         0   -8.9949         0         0         0         0         0         0         0         0         0
         0         0         0  -10.2279         0         0         0         0         0         0         0         0
         0         0         0         0   -2.8169         0         0         0         0         0         0         0
         0         0         0         0         0   -4.0710         0         0         0         0         0         0
         0         0         0         0         0         0   -6.6739         0         0         0         0         0
         0         0         0         0         0         0         0   -7.8437         0         0         0         0
         0         0         0         0         0         0         0         0   -0.4865         0         0         0
         0         0         0         0         0         0         0         0         0   -1.6839         0         0
    6.2126         0         0         0         0         0         0         0         0         0   -6.7839         0
         0    6.3283         0         0         0         0         0         0         0         0         0   -8.0456
H: 
  -8.1339e+00        0e+00        0e+00        0e+00        0e+00        0e+00        0e+00        0e+00        0e+00        0e+00  -4.4409e-16        0e+00
        0e+00  -8.9138e+00        0e+00        0e+00        0e+00        0e+00        0e+00        0e+00        0e+00        0e+00        0e+00  -8.8818e-16
        0e+00        0e+00   1.3505e+01        0e+00        0e+00        0e+00        0e+00        0e+00        0e+00        0e+00        0e+00        0e+00
        0e+00        0e+00        0e+00   1.2272e+01        0e+00        0e+00        0e+00        0e+00        0e+00        0e+00        0e+00        0e+00
        0e+00        0e+00        0e+00        0e+00   1.9683e+01        0e+00        0e+00        0e+00        0e+00        0e+00        0e+00        0e+00
        0e+00        0e+00        0e+00        0e+00        0e+00   1.8429e+01        0e+00        0e+00        0e+00        0e+00        0e+00        0e+00
        0e+00        0e+00        0e+00        0e+00        0e+00        0e+00   2.4826e+01        0e+00        0e+00        0e+00        0e+00        0e+00
        0e+00        0e+00        0e+00        0e+00        0e+00        0e+00        0e+00   2.3656e+01        0e+00        0e+00        0e+00        0e+00
        0e+00        0e+00        0e+00        0e+00        0e+00        0e+00        0e+00        0e+00   3.1013e+01        0e+00        0e+00        0e+00
        0e+00        0e+00        0e+00        0e+00        0e+00        0e+00        0e+00        0e+00        0e+00   2.9816e+01        0e+00        0e+00
  -8.8818e-16        0e+00        0e+00        0e+00        0e+00        0e+00        0e+00        0e+00        0e+00        0e+00   2.8519e+01        0e+00
        0e+00  -8.8818e-16        0e+00        0e+00        0e+00        0e+00        0e+00        0e+00        0e+00        0e+00        0e+00   2.7200e+01
In Operator the modelspace has norbits = 12
OneBody size = 144
TwoBody size = 3081
Fock matrix:
  -8.1339e+00        0e+00        0e+00        0e+00        0e+00        0e+00        0e+00        0e+00        0e+00        0e+00  -4.4409e-16        0e+00
        0e+00  -8.9138e+00        0e+00        0e+00        0e+00        0e+00        0e+00        0e+00        0e+00        0e+00        0e+00  -8.8818e-16
        0e+00        0e+00   1.3505e+01        0e+00        0e+00        0e+00        0e+00        0e+00        0e+00        0e+00        0e+00        0e+00
        0e+00        0e+00        0e+00   1.2272e+01        0e+00        0e+00        0e+00        0e+00        0e+00        0e+00        0e+00        0e+00
        0e+00        0e+00        0e+00        0e+00   1.9683e+01        0e+00        0e+00        0e+00        0e+00        0e+00        0e+00        0e+00
        0e+00        0e+00        0e+00        0e+00        0e+00   1.8429e+01        0e+00        0e+00        0e+00        0e+00        0e+00        0e+00
        0e+00        0e+00        0e+00        0e+00        0e+00        0e+00   2.4826e+01        0e+00        0e+00        0e+00        0e+00        0e+00
        0e+00        0e+00        0e+00        0e+00        0e+00        0e+00        0e+00   2.3656e+01        0e+00        0e+00        0e+00        0e+00
        0e+00        0e+00        0e+00        0e+00        0e+00        0e+00        0e+00        0e+00   3.1013e+01        0e+00        0e+00        0e+00
        0e+00        0e+00        0e+00        0e+00        0e+00        0e+00        0e+00        0e+00        0e+00   2.9816e+01        0e+00        0e+00
  -8.8818e-16        0e+00        0e+00        0e+00        0e+00        0e+00        0e+00        0e+00        0e+00        0e+00   2.8519e+01        0e+00
        0e+00  -8.8818e-16        0e+00        0e+00        0e+00        0e+00        0e+00        0e+00        0e+00        0e+00        0e+00   2.7200e+01
 HF one-body: 
    9.6975         0         0         0         0         0         0         0         0         0   -6.2126         0
         0    9.7543         0         0         0         0         0         0         0         0         0   -6.3283
         0         0   22.5000         0         0         0         0         0         0         0         0         0
         0         0         0   22.5000         0         0         0         0         0         0         0         0
         0         0         0         0   22.5000         0         0         0         0         0         0         0
         0         0         0         0         0   22.5000         0         0         0         0         0         0
         0         0         0         0         0         0   31.5000         0         0         0         0         0
         0         0         0         0         0         0         0   31.5000         0         0         0         0
         0         0         0         0         0         0         0         0   31.5000         0         0         0
         0         0         0         0         0         0         0         0         0   31.5000         0         0
   -6.2126         0         0         0         0         0         0         0         0         0   35.3025         0
         0   -6.3283         0         0         0         0         0         0         0         0         0   35.2457
 But t is 
    9.6975         0         0         0         0         0         0         0         0         0   -6.2126         0
         0    9.7543         0         0         0         0         0         0         0         0         0   -6.3283
         0         0   22.5000         0         0         0         0         0         0         0         0         0
         0         0         0   22.5000         0         0         0         0         0         0         0         0
         0         0         0         0   22.5000         0         0         0         0         0         0         0
         0         0         0         0         0   22.5000         0         0         0         0         0         0
         0         0         0         0         0         0   31.5000         0         0         0         0         0
         0         0         0         0         0         0         0   31.5000         0         0         0         0
         0         0         0         0         0         0         0         0   31.5000         0         0         0
         0         0         0         0         0         0         0         0         0   31.5000         0         0
   -6.2126         0         0         0         0         0         0         0         0         0   35.3025         0
         0   -6.3283         0         0         0         0         0         0         0         0         0   35.2457
After transformation, one body piece is
    9.6975         0         0         0         0         0         0         0         0         0   -6.2126         0
         0    9.7543         0         0         0         0         0         0         0         0         0   -6.3283
         0         0   22.5000         0         0         0         0         0         0         0         0         0
         0         0         0   22.5000         0         0         0         0         0         0         0         0
         0         0         0         0   22.5000         0         0         0         0         0         0         0
         0         0         0         0         0   22.5000         0         0         0         0         0         0
         0         0         0         0         0         0   31.5000         0         0         0         0         0
         0         0         0         0         0         0         0   31.5000         0         0         0         0
         0         0         0         0         0         0         0         0   31.5000         0         0         0
         0         0         0         0         0         0         0         0         0   31.5000         0         0
   -6.2126         0         0         0         0         0         0         0         0         0   35.3025         0
         0   -6.3283         0         0         0         0         0         0         0         0         0   35.2457
EHF = 2.40409
Start normal ordering
Normal ordered zero-body part = 2.40409
Normal ordered one-body part: 
  -8.1339e+00        0e+00        0e+00        0e+00        0e+00        0e+00        0e+00        0e+00        0e+00        0e+00  -1.2385e-07        0e+00
        0e+00  -8.9138e+00        0e+00        0e+00        0e+00        0e+00        0e+00        0e+00        0e+00        0e+00        0e+00   1.3920e-07
        0e+00        0e+00   1.3505e+01        0e+00        0e+00        0e+00        0e+00        0e+00        0e+00        0e+00        0e+00        0e+00
        0e+00        0e+00        0e+00   1.2272e+01        0e+00        0e+00        0e+00        0e+00        0e+00        0e+00        0e+00        0e+00
        0e+00        0e+00        0e+00        0e+00   1.9683e+01        0e+00        0e+00        0e+00        0e+00        0e+00        0e+00        0e+00
        0e+00        0e+00        0e+00        0e+00        0e+00   1.8429e+01        0e+00        0e+00        0e+00        0e+00        0e+00        0e+00
        0e+00        0e+00        0e+00        0e+00        0e+00        0e+00   2.4826e+01        0e+00        0e+00        0e+00        0e+00        0e+00
        0e+00        0e+00        0e+00        0e+00        0e+00        0e+00        0e+00   2.3656e+01        0e+00        0e+00        0e+00        0e+00
        0e+00        0e+00        0e+00        0e+00        0e+00        0e+00        0e+00        0e+00   3.1013e+01        0e+00        0e+00        0e+00
        0e+00        0e+00        0e+00        0e+00        0e+00        0e+00        0e+00        0e+00        0e+00   2.9816e+01        0e+00        0e+00
  -1.2385e-07        0e+00        0e+00        0e+00        0e+00        0e+00        0e+00        0e+00        0e+00        0e+00   2.8519e+01        0e+00
        0e+00   1.3920e-07        0e+00        0e+00        0e+00        0e+00        0e+00        0e+00        0e+00        0e+00        0e+00   2.7200e+01
Commutator zerobody: 292.702
Commutator one body:   7.7882e+02        0e+00        0e+00        0e+00        0e+00        0e+00        0e+00        0e+00        0e+00        0e+00  -7.1922e+00        0e+00
        0e+00   8.0690e+02        0e+00        0e+00        0e+00        0e+00        0e+00        0e+00        0e+00        0e+00        0e+00  -1.2559e+00
        0e+00        0e+00   3.2382e+02        0e+00        0e+00        0e+00        0e+00        0e+00        0e+00        0e+00        0e+00        0e+00
        0e+00        0e+00        0e+00   3.6820e+02        0e+00        0e+00        0e+00        0e+00        0e+00        0e+00        0e+00        0e+00
        0e+00        0e+00        0e+00        0e+00   1.0141e+02        0e+00        0e+00        0e+00        0e+00        0e+00        0e+00        0e+00
        0e+00        0e+00        0e+00        0e+00        0e+00   1.4656e+02        0e+00        0e+00        0e+00        0e+00        0e+00        0e+00
        0e+00        0e+00        0e+00        0e+00        0e+00        0e+00   2.4026e+02        0e+00        0e+00        0e+00        0e+00        0e+00
        0e+00        0e+00        0e+00        0e+00        0e+00        0e+00        0e+00   2.8237e+02        0e+00        0e+00        0e+00        0e+00
        0e+00        0e+00        0e+00        0e+00        0e+00        0e+00        0e+00        0e+00   1.7515e+01        0e+00        0e+00        0e+00
        0e+00        0e+00        0e+00        0e+00        0e+00        0e+00        0e+00        0e+00        0e+00   6.0622e+01        0e+00        0e+00
   8.0083e+02        0e+00        0e+00        0e+00        0e+00        0e+00        0e+00        0e+00        0e+00        0e+00   1.0733e+02        0e+00
        0e+00   7.9489e+02        0e+00        0e+00        0e+00        0e+00        0e+00        0e+00        0e+00        0e+00        0e+00   1.5479e+02
