Reading settings file settings.inp
parameter: [inputsps] = [../input/O16_lmax6_SM.sps]
parameter: [inputtbme] = [../input/vsrg1.8_n3lo500_w_coulomb_emax6_hw24.int]
parameter: [flowfile] = [../output/BCH_flow_emax6.dat]
parameter: [ds] = [0.5]
parameter: [smax] = [10.0]
parameter: [generator] = [shell-model]
Reading in the modelspace from ../input/O16_lmax6_SM.sps
Set hbar_omega to 24
done reading header
done reading interaction
Reading Oslo-style TBME from ../input/vsrg1.8_n3lo500_w_coulomb_emax6_hw24.int
Norm of H_bare = 654.432
EHF = -160.153
EHF2 = -160.153
Norm of HFNO = 587.33
 i     s       E0       ||H_1||      ||H_2||        ||Omega||     || Eta||    ||dOmega||     
0      0.367895      -174.792     441.028    383.337     0.5     1.35908   0.5
1      0.99991      -184.557     441.874    380.227     0.99388     0.791121   0.5
2      1.99991      -188.417     442.101    380.205     1.30232     0.357149   0.357149
3      2.99991      -189.761     442.138    380.892     1.3899     0.18683   0.18683
4      3.92851      -190.595     442.147    381.432     1.45929     0.134611   0.125
5      4.92851      -191.184     442.18    382.093     1.51716     0.114994   0.114994
6      5.61378      -191.445     442.198    382.482     1.5546     0.0912054   0.0625
7      6.40664      -191.667     442.217    382.902     1.59268     0.0788278   0.0625
8      7.34162      -191.852     442.235    383.351     1.63188     0.0668465   0.0625
1b denominator 11,6 = -0.00585579
9      8.34162      -192.205     442.248    383.764     1.66741     0.0551013   0.0551013
10      8.92094      -192.295     442.259    384.028     1.68641     0.0539429   0.03125
11      9.55823      -192.373     442.271    384.296     1.70658     0.0490355   0.03125
12      10      -192.416     442.278    384.466     1.71953     0.0440987   0.0194814
13      10      -192.464     442.278    384.468     1.71953     0.0440987   0.0194814

 density: 
Calculating occupation numbers...
0 0 1/2 1.99999
0 0 1/2 1.9999
0 1 3/2 3.98711
0 1 3/2 3.99126
0 1 1/2 1.97323
0 1 1/2 1.97847
0 2 5/2 0
0 2 5/2 0
0 2 3/2 0
0 2 3/2 0
1 0 1/2 2.48898e-08
1 0 1/2 9.24665e-05
0 3 7/2 0
0 3 7/2 0
0 3 5/2 0
0 3 5/2 0
1 1 3/2 0.0122118
1 1 3/2 0.00821727
1 1 1/2 0.0241417
1 1 1/2 0.0193079
0 4 9/2 0
0 4 9/2 0
0 4 7/2 0
0 4 7/2 0
1 2 5/2 0
1 2 5/2 0
1 2 3/2 0
1 2 3/2 0
2 0 1/2 9.97763e-06
2 0 1/2 9.11121e-06
0 5 11/2 0
0 5 11/2 0
0 5 9/2 0
0 5 9/2 0
1 3 7/2 0
1 3 7/2 0
1 3 5/2 0
1 3 5/2 0
2 1 3/2 0.000681224
2 1 3/2 0.000523947
2 1 1/2 0.002632
2 1 1/2 0.00221788
0 6 13/2 0
0 6 13/2 0
0 6 11/2 0
0 6 11/2 0
1 4 9/2 0
1 4 9/2 0
1 4 7/2 0
1 4 7/2 0
2 2 5/2 0
2 2 5/2 0
2 2 3/2 0
2 2 3/2 0
3 0 1/2 5.6963e-07
3 0 1/2 1.05244e-06
0 1.98708 1.98713
0.1 1.99873 1.99872
0.2 2.03246 2.03228
0.3 2.08471 2.08429
0.4 2.14998 2.14927
0.5 2.22129 2.2203
0.6 2.29088 2.28966
0.7 2.35089 2.34955
0.8 2.39408 2.39273
0.9 2.41438 2.41315
1 2.40739 2.40641
1.1 2.37064 2.37
1.2 2.30363 2.3034
1.3 2.20781 2.20801
1.4 2.08626 2.08688
1.5 1.94338 1.94436
1.6 1.78443 1.78568
1.7 1.61506 1.6165
1.8 1.44097 1.44248
1.9 1.26747 1.26895
2 1.09921 1.10059
2.1 0.940028 0.941234
2.2 0.792827 0.793817
2.3 0.659558 0.660314
2.4 0.541287 0.541807
2.5 0.438292 0.438593
2.6 0.350209 0.350317
2.7 0.276172 0.276123
2.8 0.214977 0.214807
2.9 0.165207 0.164952
3 0.125363 0.125055
3.1 0.0939473 0.0936151
3.2 0.0695447 0.0692099
3.3 0.0508627 0.0505418
3.4 0.0367615 0.0364656
3.5 0.0262638 0.0259995
3.6 0.0185531 0.0183235
3.7 0.0129631 0.0127683
3.8 0.00896164 0.00879993
3.9 0.00613218 0.00600055
4 0.00415497 0.00404979
4.1 0.0027889 0.0027063
4.2 0.00185526 0.00179146
4.3 0.00122371 0.00117521
4.4 0.00080066 0.000764355
4.5 0.000519871 0.000493101
4.6 0.000335109 0.000315659
4.7 0.000214516 0.000200589
4.8 0.000136403 0.000126574
4.9 8.61689e-05 7.93297e-05
5 5.40836e-05 4.9392e-05
5.1 3.37251e-05 3.0552e-05
5.2 2.08907e-05 1.87746e-05
5.3 1.28518e-05 1.14604e-05
5.4 7.84975e-06 6.94753e-06
5.5 4.75842e-06 4.18156e-06
5.6 2.86155e-06 2.49785e-06
5.7 1.70638e-06 1.48026e-06
5.8 1.00853e-06 8.69889e-07
5.9 5.90517e-07 5.06695e-07
6 3.42388e-07 2.92409e-07
6.1 1.96499e-07 1.67111e-07
6.2 1.11581e-07 9.45383e-08
6.3 6.26681e-08 5.29211e-08
6.4 3.48011e-08 2.93031e-08
6.5 1.91031e-08 1.60444e-08
6.6 1.03626e-08 8.68419e-09
6.7 5.55385e-09 4.64541e-09
6.8 2.94034e-09 2.45534e-09
6.9 1.53748e-09 1.28206e-09
7 7.93911e-10 6.6122e-10
7.1 4.04796e-10 3.36793e-10
7.2 2.03781e-10 1.69399e-10
7.3 1.01279e-10 8.41293e-11
7.4 4.96914e-11 4.12516e-11
7.5 2.40673e-11 1.99693e-11
7.6 1.15065e-11 9.54321e-12
7.7 5.43025e-12 4.50214e-12
7.8 2.52957e-12 2.09664e-12
7.9 1.16311e-12 9.63835e-13
8 5.27891e-13 4.3737e-13
8.1 2.3649e-13 1.95912e-13
8.2 1.04576e-13 8.6624e-14
8.3 4.56461e-14 3.78079e-14
8.4 1.96668e-14 1.62891e-14
8.5 8.3643e-15 6.92768e-15
8.6 3.51153e-15 2.90842e-15
8.7 1.45527e-15 1.20535e-15
8.8 5.95355e-16 4.93135e-16
8.9 2.40439e-16 1.99168e-16
9 9.58607e-17 7.9411e-17
9.1 3.77302e-17 3.1258e-17
9.2 1.46609e-17 1.2147e-17
9.3 5.62426e-18 4.66027e-18
9.4 2.13016e-18 1.76522e-18
9.5 7.96545e-19 6.60144e-19
9.6 2.94082e-19 2.43748e-19
9.7 1.07201e-19 8.88621e-20
9.8 3.85839e-20 3.19869e-20
9.9 1.3712e-20 1.13688e-20
