Reading settings file settings.inp
parameter: [inputsps] = [../input/Ca40_lmax6_SM.sps]
parameter: [inputtbme] = [../input/vsrg1.8_n3lo500_w_coulomb_emax6_hw24.int]
parameter: [flowfile] = [../output/BCH_flow_emax6.dat]
parameter: [ds] = [0.5]
parameter: [smax] = [20.0]
parameter: [generator] = [shell-model-atan]
Reading in the modelspace from ../input/Ca40_lmax6_SM.sps
Set hbar_omega to 24
done reading header
done reading interaction
Reading Oslo-style TBME from ../input/vsrg1.8_n3lo500_w_coulomb_emax6_hw24.int
Norm of H_bare = 660.082
EHF = -641.407
EHF2 = -641.407
Norm of HFNO = 582.638
 i     s       E0       ||H_1||      ||H_2||        ||Omega||     || Eta||    ||dOmega||     
0      0.301798      -666.848     435.743    380.347     0.5     1.65673   0.5
1      0.820702      -685.912     437.457    374.364     0.99118     0.96357   0.5
2      1.8207      -694.068     437.912    373.203     1.39913     0.451226   0.451226
1b denominator 15,18 = 0.00851831
3      2.8207      -695.576     437.698    374.116     1.44241     0.180935   0.180935
4      3.8207      -696.498     437.557    374.742     1.49994     0.115834   0.115834
5      4.40042      -696.851     437.519    375.14     1.51332     0.10781   0.0625
6      5.13759      -697.179     437.479    375.597     1.53778     0.0847845   0.0625
7      6.025      -697.45     437.445    376.088     1.56673     0.0704294   0.0625
8      7.025      -697.646     437.42    376.567     1.59466     0.0571576   0.0571576
9      7.71587      -697.985     437.408    376.846     1.61042     0.045233   0.03125
1b denominator 15,18 = -0.00557277
10      8.34969      -698.094     437.403    377.146     1.62396     0.0493039   0.03125
1b denominator 15,18 = -0.00609446
11      9.06839      -698.187     437.398    377.452     1.63972     0.0434815   0.03125
1b denominator 15,18 = -0.00659838
12      9.89306      -698.264     437.394    377.766     1.65637     0.037894   0.03125
1b denominator 15,18 = -0.00709422
13      10.8653      -698.326     437.39    378.09     1.67356     0.0321433   0.03125
1b denominator 15,18 = -0.00756474
14      11.8653      -698.529     437.391    378.376     1.68836     0.026277   0.026277
1b denominator 15,18 = 0.00124962
15      12.4362      -698.561     437.39    378.556     1.69647     0.0273684   0.015625
1b denominator 15,18 = 0.00107682
16      13.0629      -698.588     437.39    378.736     1.70514     0.0249323   0.015625
1b denominator 15,18 = 0.000904986
17      13.7607      -698.612     437.39    378.916     1.7141     0.0223926   0.015625
1b denominator 15,18 = 0.000732353
18      14.5524      -698.632     437.39    379.098     1.72323     0.0197346   0.015625
1b denominator 15,18 = 0.0005643
19      15.472      -698.735     437.392    379.288     1.7325     0.0169909   0.015625
1b denominator 15,18 = 0.00566926
20      16.3701      -698.754     437.392    379.484     1.74132     0.0173978   0.015625
1b denominator 15,18 = 0.00554107
21      17.3701      -698.769     437.393    379.67     1.75039     0.0150662   0.0150662
1b denominator 15,18 = 0.00541795
22      17.9925      -698.775     437.393    379.768     1.75513     0.0125523   0.0078125
1b denominator 15,18 = 0.00535485
23      18.6907      -698.781     437.393    379.865     1.75991     0.0111894   0.0078125
1b denominator 15,18 = 0.00529592
24      19.487      -698.847     437.395    379.968     1.76472     0.00981144   0.0078125
1b denominator 15,18 = 0.00920367
25      20      -698.851     437.395    380.04     1.76789     0.0106765   0.00547717
26      20      -698.858     437.395    380.041     1.76789     0.0106765   0.00547717
