Reading settings file settings.inp
parameter: [inputsps] = [../input/Ca40_lmax6.sps]
parameter: [inputtbme] = [../input/vsrg1.8_n3lo500_w_coulomb_emax6_hw24.int]
parameter: [flowfile] = [../output/BCH_flow_emax6.dat]
parameter: [ds] = [0.5]
parameter: [smax] = [20.0]
parameter: [generator] = [white]
Reading in the modelspace from ../input/Ca40_lmax6.sps
Set hbar_omega to 24
done reading header
done reading interaction
Reading Oslo-style TBME from ../input/vsrg1.8_n3lo500_w_coulomb_emax6_hw24.int
Norm of H_bare = 660.082
EHF = -641.407
EHF2 = -641.407
Norm of HFNO = 582.638
 i     s       E0       ||H_1||      ||H_2||        ||Omega||     || Eta||    ||dOmega||     
0      1      -689.767     437.629    384.128     0.486379     0.486379   0.486379
1      2      -692.983     437.395    384.812     0.474538     0.135866   0.135866
2      3      -693.954     437.173    384.963     0.512199     0.0625539   0.0625539
3      4      -694.402     437.05    385.274     0.52757     0.040042   0.040042
4      5      -695.032     436.99    385.505     0.542811     0.0274867   0.0274867
5      5.54889      -695.17     436.974    385.643     0.549213     0.0284666   0.015625
6      6.21649      -695.29     436.957    385.785     0.557114     0.0234046   0.015625
7      7.02857      -695.389     436.94    385.933     0.565784     0.0192407   0.015625
8      8.02857      -695.466     436.926    386.086     0.574661     0.0153278   0.0153278
9      8.70257      -695.638     436.928    386.177     0.579267     0.0115912   0.0078125
10      9.32844      -695.671     436.925    386.26     0.5835     0.0124828   0.0078125
11      10.0709      -695.699     436.922    386.344     0.588035     0.0105219   0.0078125
12      10.9745      -695.721     436.92    386.431     0.592739     0.00864594   0.0078125
13      11.9745      -695.737     436.918    386.507     0.596921     0.00680437   0.00680437
14      12.7235      -695.817     436.922    386.557     0.599347     0.00521552   0.00390625
15      13.4158      -695.824     436.922    386.603     0.601587     0.00564279   0.00390625
16      14.2474      -695.83     436.922    386.648     0.603962     0.0046968   0.00390625
17      15.2474      -695.835     436.922    386.693     0.606327     0.00378361   0.00378361
18      15.9184      -695.837     436.922    386.716     0.607563     0.00291079   0.00195312
19      16.7116      -695.873     436.922    386.742     0.608803     0.00246232   0.00195312
20      17.4548      -695.875     436.922    386.765     0.609972     0.00262817   0.00195312
21      18.3568      -695.876     436.922    386.789     0.611194     0.00216541   0.00195312
22      19.3568      -695.877     436.922    386.81     0.612285     0.00171408   0.00171408
23      20      -695.878     436.922    386.82     0.612831     0.00132218   0.000850474
